Freq Spl Phase
20.5078 57.819 0.0
21.9727 59.823 0.0
23.4375 61.839 0.0
24.9023 63.108 0.0
26.3672 64.897 0.0
27.832 66.84 0.0
29.2969 68.694 0.0
30.7617 70.421 0.0
32.2266 72.14 0.0
33.6914 73.872 0.0
35.1562 75.485 0.0
36.6211 76.693 0.0
38.0859 77.992 0.0
39.5508 79.164 0.0
41.0156 80.239 0.0
42.4805 81.212 0.0
43.9453 82.046 0.0
45.4102 82.714 0.0
46.875 83.14 0.0
48.3398 83.512 0.0
51.2695 83.935 0.0
52.7344 84.049 0.0
54.1992 84.132 0.0
55.6641 84.204 0.0
58.5938 84.33 0.0
60.0586 84.398 0.0
62.9883 84.509 0.0
64.4531 84.554 0.0
67.3828 84.655 0.0
68.8477 84.725 0.0
71.7773 84.898 0.0
74.707 85.096 0.0
77.6367 85.287 0.0
79.1016 85.394 0.0
82.0312 85.611 0.0
84.9609 85.823 0.0
87.8906 86.009 0.0
90.8203 86.199 0.0
95.2148 86.45 0.0
98.1445 86.585 0.0
101.074 86.716 0.0
105.469 86.871 0.0
108.398 86.944 0.0
112.793 87.031 0.0
117.188 87.085 0.0
120.117 87.109 0.0
124.512 87.144 0.0
125.0 85.3502 0.0
128.0 85.4937 0.0
132.0 85.6776 0.0
136.0 85.8538 0.0
140.0 86.0224 0.0
145.0 86.223 0.0
150.0 86.41329999999999 0.0
155.0 86.59400000000001 0.0
160.0 86.7654 0.0
165.0 86.9282 0.0
170.0 87.0825 0.0
175.0 87.22840000000001 0.0
180.0 87.3665 0.0
185.0 87.4971 0.0
190.0 87.6204 0.0
195.0 87.7366 0.0
200.0 87.8456 0.0
206.0 87.9671 0.0
212.0 88.0786 0.0
218.0 88.1802 0.0
224.0 88.272 0.0
230.0 88.3541 0.0
236.0 88.4264 0.0
243.0 88.4986 0.0
250.0 88.5582 0.0
258.0 88.61110000000001 0.0
265.0 88.6439 0.0
272.0 88.6641 0.0
280.0 88.6728 0.0
290.0 88.6634 0.0
300.0 88.63380000000001 0.0
307.0 88.6012 0.0
315.0 88.5519 0.0
325.0 88.4755 0.0
335.0 88.3848 0.0
345.0 88.2812 0.0
355.0 88.1664 0.0
365.0 88.04260000000001 0.0
375.0 87.91120000000001 0.0
387.0 87.7453 0.0
400.0 87.5578 0.0
412.0 87.3788 0.0
425.0 87.1793 0.0
437.0 86.9901 0.0
450.0 86.7799 0.0
462.0 86.5812 0.0
475.0 86.3611 0.0
487.0 86.1546 0.0
500.0 85.9291 0.0
515.0 85.67070000000001 0.0
530.0 85.4192 0.0
545.0 85.1806 0.0
560.0 84.9611 0.0
580.0 84.702 0.0
600.0 84.4804 0.0
615.0 84.3336 0.0
630.0 84.1952 0.0
650.0 84.005 0.0
670.0 83.7827 0.0
690.0 83.5009 0.0
710.0 83.1348 0.0
730.0 82.66730000000001 0.0
750.0 82.0903 0.0
775.0 81.2444 0.0
800.0 80.34530000000001 0.0
825.0 79.5394 0.0
850.0 78.9914 0.0
875.0 78.7788 0.0
900.0 78.8395 0.0
925.0 79.0171 0.0
950.0 79.1478 0.0
975.0 79.1191 0.0
1000.0 78.876 0.0
1030.0 78.32560000000001 0.0
1060.0 77.6231 0.0
1090.0 76.9997 0.0
1120.0 76.6934 0.0
1150.0 76.7698 0.0
1180.0 77.0659 0.0
1220.0 77.4098 0.0
1250.0 77.402 0.0
1280.0 77.0784 0.0
1320.0 76.2629 0.0
1360.0 75.2789 0.0
1400.0 74.4615 0.0
1450.0 73.8007 0.0
1500.0 73.05000000000001 0.0
1550.0 71.5821 0.0
1600.0 69.4742 0.0
1650.0 68.1375 0.0
1700.0 68.7818 0.0
1750.0 70.4582 0.0
1800.0 71.797 0.0
1850.0 72.5075 0.0
1900.0 72.8182 0.0
1950.0 72.8767 0.0
2000.0 72.7285 0.0
2060.0 72.4331 0.0
2120.0 72.2835 0.0
2180.0 72.29140000000001 0.0
2240.0 72.1182 0.0
2300.0 71.5869 0.0
2360.0 71.0244 0.0
2430.0 70.66239999999999 0.0
2500.0 70.10640000000001 0.0
2580.0 68.6794 0.0
2650.0 67.697 0.0
2720.0 67.7644 0.0
2800.0 68.2969 0.0
2900.0 67.8489 0.0
3000.0 66.7122 0.0
3070.0 66.69470000000001 0.0
3150.0 67.3951 0.0
3250.0 67.975 0.0
3350.0 68.4873 0.0
3450.0 69.54769999999999 0.0
3550.0 69.26769999999999 0.0
3650.0 67.87989999999999 0.0
3750.0 67.93469999999999 0.0
3870.0 69.47919999999999 0.0
4000.0 69.5552 0.0
4120.0 69.5152 0.0
4250.0 70.7739 0.0
4370.0 71.58449999999999 0.0
4500.0 71.4049 0.0
4620.0 70.6498 0.0
4750.0 68.9679 0.0
4870.0 68.01830000000001 0.0
5000.0 68.0421 0.0
5150.0 67.7396 0.0
5300.0 67.1471 0.0
5450.0 67.3587 0.0
5600.0 67.35759999999999 0.0
5800.0 66.7363 0.0
6000.0 67.1366 0.0
6150.0 68.6918 0.0
6300.0 70.05680000000001 0.0
6500.0 70.4706 0.0
6700.0 71.05170000000001 0.0
6900.0 71.257 0.0
7100.0 70.85990000000001 0.0
7300.0 70.24950000000001 0.0
7500.0 69.7598 0.0
7750.0 69.16669999999999 0.0
8000.0 66.5244 0.0
8250.0 65.061 0.0
8500.0 63.5338 0.0
8750.0 59.5077 0.0
9000.0 55.2318 0.0
9250.0 52.4875 0.0
9500.0 49.1737 0.0
9750.0 48.7357 0.0
10000.0 52.0899 0.0
10300.0 56.519800000000004 0.0
10600.0 56.2477 0.0
10900.0 54.4688 0.0
11200.0 50.534800000000004 0.0
11500.0 46.6174 0.0
11800.0 45.2554 0.0
12200.0 46.0912 0.0
12500.0 47.3531 0.0
12800.0 49.484 0.0
13200.0 52.173 0.0
13600.0 53.3023 0.0
14000.0 52.6768 0.0
14500.0 51.548100000000005 0.0
15000.0 53.1336 0.0
15500.0 52.2513 0.0
16000.0 51.718900000000005 0.0
16500.0 53.0525 0.0
17000.0 53.3142 0.0
17500.0 53.112700000000004 0.0
18000.0 53.1888 0.0
18500.0 55.3421 0.0
19000.0 56.8209 0.0
19500.0 53.1562 0.0
