20.0 63.17251
20.27879 63.35367
20.56146 63.57414
20.84808 63.82681
21.13869 64.10844
21.43335 64.4174
21.73212 64.75414
22.03506 65.12226
22.34221 65.52651
22.65365 65.9713
22.96943 66.46075
23.28961 66.98132
23.61426 67.50762
23.94343 68.03612
24.27719 68.56325
24.6156 69.08537
24.95872 69.59736
25.30664 70.09385
25.6594 70.57074
26.01707 71.02576
26.37974 71.45817
26.74746 71.86886
27.1203 72.26117
27.49834 72.63972
27.88166 73.00999
28.27031 73.37814
28.66438 73.74998
29.06395 74.12938
29.46909 74.51703
29.87987 74.91078
30.29638 75.30557
30.71869 75.69409
31.1469 76.06831
31.58107 76.41977
32.02129 76.74125
32.46765 77.02941
32.92023 77.28386
33.37912 77.50652
33.84441 77.7027
34.31618 77.87946
34.79453 78.04436
35.27955 78.20325
35.77132 78.35845
36.26996 78.51073
36.77554 78.65746
37.28817 78.7942
37.80795 78.91689
38.33497 79.02288
38.86934 79.11277
39.41116 79.18837
39.96053 79.25516
40.51755 79.31894
41.08235 79.38376
41.65501 79.45308
42.23566 79.52797
42.8244 79.60789
43.42135 79.69046
44.02662 79.77397
44.64033 79.85637
45.26259 79.93852
45.89353 80.02197
46.53326 80.10792
47.18191 80.19851
47.8396 80.29639
48.50645 80.39951
49.18261 80.50392
49.86819 80.60359
50.56332 80.69337
51.26815 80.7688
51.9828 80.8315
52.70741 80.89408
53.44212 80.96932
54.18708 81.06717
54.94242 81.19303
55.70828 81.34223
56.48483 81.50639
57.27219 81.67802
58.07054 81.84975
58.88001 82.01565
59.70076 82.17146
60.53296 82.31562
61.37676 82.44832
62.23232 82.56923
63.0998 82.67669
63.97938 82.76738
64.87122 82.83951
65.77549 82.8945
66.69236 82.93739
67.62202 82.97637
68.56463 83.02212
69.52038 83.08515
70.48946 83.17089
71.47204 83.27525
72.46833 83.38579
73.4785 83.48796
74.50275 83.56828
75.54127 83.61695
76.59428 83.63031
77.66196 83.61519
78.74453 83.58713
79.84218 83.5626
80.95514 83.55304
82.08361 83.56227
83.22781 83.58833
84.38796 83.62509
85.56428 83.66732
86.757 83.71108
87.96635 83.75216
89.19255 83.78737
90.43585 83.81692
91.69648 83.84198
92.97467 83.86107
94.27069 83.87395
95.58477 83.87892
96.91717 83.874
98.26815 83.86314
99.63795 83.85479
101.0268 83.85959
102.4351 83.88867
103.863 83.9443
105.3108 84.01938
106.7788 84.10152
108.2672 84.17412
109.7764 84.22659
111.3066 84.25812
112.8582 84.27332
114.4314 84.28263
116.0265 84.29895
117.6438 84.32952
119.2837 84.3722
120.9464 84.41861
122.6324 84.45388
124.3418 84.46156
126.0751 84.43872
127.8325 84.39175
129.6144 84.33237
131.4212 84.29062
133.2531 84.29327
135.1106 84.33757
136.9939 84.39084
138.9036 84.41701
140.8398 84.40368
142.803 84.35924
144.7936 84.31191
146.812 84.28699
148.8584 84.28191
150.9335 84.26992
153.0374 84.23449
155.1706 84.18265
157.3336 84.13555
159.5268 84.12338
161.7505 84.14919
164.0052 84.18687
166.2914 84.21724
168.6094 84.23587
170.9597 84.23561
173.3428 84.21618
175.7591 84.18367
178.2091 84.14924
180.6932 84.12189
183.212 84.1022
185.7658 84.09181
188.3553 84.08804
190.9809 84.08974
193.6431 84.10178
196.3423 84.11451
199.0792 84.11924
201.8543 84.11228
204.668 84.0824
207.521 84.03252
210.4137 83.97371
213.3468 83.90386
216.3207 83.8265
219.3361 83.77747
222.3935 83.75116
225.4936 83.78835
228.6369 83.85745
231.8239 83.94574
235.0554 84.04419
238.332 84.1166
241.6542 84.14833
245.0227 84.13152
248.4382 84.09714
251.9013 84.08622
255.4127 84.09555
258.973 84.14959
262.5829 84.21619
266.2432 84.23155
269.9545 84.18741
273.7175 84.10486
277.533 83.97958
281.4016 83.8655
285.3242 83.80756
289.3015 83.78383
293.3342 83.77425
297.4231 83.76448
301.569 83.75776
305.7727 83.77159
310.035 83.80394
314.3567 83.86048
318.7387 83.91561
323.1818 83.95297
327.6867 83.98791
332.2545 84.01449
336.886 84.03106
341.582 84.03631
346.3434 84.01752
351.1713 83.98081
356.0664 83.93322
361.0298 83.8928
366.0623 83.84926
371.165 83.77739
376.3389 83.69296
381.5848 83.64251
386.9039 83.62047
392.2972 83.60331
397.7656 83.59139
403.3102 83.56744
408.9321 83.55249
414.6324 83.53878
420.4122 83.53107
426.2725 83.51904
432.2145 83.47054
438.2393 83.38945
444.3482 83.29827
450.5421 83.23809
456.8224 83.26101
463.1903 83.3874
469.6469 83.60205
476.1935 83.87788
482.8314 84.17326
489.5618 84.44824
496.3861 84.6845
503.3054 84.9049
510.3212 84.99091
517.4348 84.97481
524.6476 84.9125
531.9609 84.85223
539.3761 84.83039
546.8947 84.8584
554.5182 84.93193
562.2478 85.03756
570.0853 85.14214
578.0319 85.21041
586.0894 85.19843
594.2592 85.07459
602.5428 84.8779
610.9419 84.65013
619.4581 84.43334
628.093 84.25395
636.8483 84.13218
645.7256 84.06026
654.7267 84.00657
663.8532 83.93771
673.107 83.83661
682.4897 83.70644
692.0033 83.5856
701.6494 83.52493
711.43 83.5463
721.347 83.62594
731.4022 83.73385
741.5975 83.83628
751.935 83.9383
762.4166 84.03304
773.0442 84.0817
783.82 84.06
794.7461 83.95226
805.8244 83.76818
817.0572 83.60433
828.4465 83.58429
839.9946 83.72547
851.7037 83.84464
863.5759 83.81177
875.6137 83.73042
887.8193 83.69954
900.195 83.7423
912.7433 83.82428
925.4664 83.86915
938.3669 83.82776
951.4472 83.73287
964.7099 83.65371
978.1574 83.60448
991.7924 83.60082
1005.617 83.65932
1019.635 83.75217
1033.848 83.85035
1048.26 83.95587
1062.872 84.06988
1077.688 84.15715
1092.71 84.23756
1107.942 84.31395
1123.386 84.38536
1139.045 84.47333
1154.923 84.55343
1171.022 84.60023
1187.345 84.65903
1203.896 84.82999
1220.678 85.14916
1237.694 85.45734
1254.946 85.57353
1272.44 85.49511
1290.177 85.33197
1308.161 85.19099
1326.396 85.09782
1344.885 85.03877
1363.632 84.99695
1382.641 84.98808
1401.914 85.05342
1421.456 85.1368
1441.27 85.11437
1461.361 84.99755
1481.731 84.88666
1502.386 84.7766
1523.328 84.66186
1544.563 84.60071
1566.093 84.58756
1587.924 84.52271
1610.058 84.41001
1632.502 84.33693
1655.258 84.25371
1678.331 84.1266
1701.726 83.96625
1725.447 83.80429
1749.499 83.55901
1773.886 83.37412
1798.613 83.30521
1823.685 82.96641
1849.106 82.44497
1874.882 82.13455
1901.017 82.15453
1927.516 82.1824
1954.384 82.14282
1981.627 82.18317
2009.25 82.19197
2037.258 82.13165
2065.656 82.15636
2094.45 82.26643
2123.646 82.33432
2153.248 82.33535
2183.263 82.4179
2213.697 82.6041
2244.555 82.61433
2275.843 82.40992
2307.567 82.40992
2339.733 82.56414
2372.347 82.59655
2405.417 82.376
2438.947 82.17527
2472.944 82.43261
2507.416 82.53126
2542.368 82.39689
2577.807 82.33527
2613.74 82.57995
2650.175 82.55163
2687.117 82.03563
2724.574 82.3889
2762.553 82.19253
2801.061 81.48697
2840.106 81.56396
2879.696 81.77799
2919.837 81.68946
2960.538 81.83375
3001.807 82.19853
3043.65 82.54674
3086.077 82.4184
3129.095 82.9481
3172.713 83.29269
3216.939 83.52783
3261.781 83.30267
3307.249 83.63483
3353.35 83.67459
3400.094 83.64724
3447.489 84.05506
3495.546 83.97577
3544.272 83.87286
3593.677 83.31168
3643.771 83.22646
3694.563 83.37498
3746.063 82.61803
3798.281 82.27495
3851.227 82.91699
3904.911 82.50096
3959.344 82.78349
4014.535 83.61373
4070.495 83.17089
4127.236 83.26455
4184.767 83.93806
4243.1 83.64062
4302.247 83.45605
4362.218 83.76581
4423.025 83.24519
4484.679 83.40908
4547.193 83.38114
4610.579 82.948
4674.848 83.18465
4740.013 82.57367
4806.086 81.76267
4873.08 81.99982
4941.008 81.47679
5009.883 82.0279
5079.718 82.10054
5150.527 82.41753
5222.322 82.7185
5295.119 82.3846
5368.93 82.4317
5443.77 82.39907
5519.653 82.38928
5596.594 82.04614
5674.607 81.70121
5753.708 81.57368
5833.912 81.45348
5915.233 81.52066
5997.688 81.71279
6081.293 81.74022
6166.063 82.09286
6252.014 82.45508
6339.164 82.38143
6427.529 82.37449
6517.125 81.9096
6607.97 81.60596
6700.082 81.57827
6793.477 81.57293
6888.175 81.60916
6984.192 81.81228
7081.548 82.05205
7180.261 82.34209
7280.35 82.22786
7381.834 81.8503
7484.733 81.95132
7589.066 81.90814
7694.853 82.14636
7802.115 82.84806
7910.872 83.35765
8021.146 83.51625
8132.956 83.43548
8246.325 83.89442
8361.274 84.37926
8477.826 84.36262
8596.002 83.84015
8715.826 83.82569
8837.32 83.87437
8960.507 83.4754
9085.412 83.07694
9212.058 83.32464
9340.469 83.46714
9470.67 83.25445
9602.686 82.89283
9736.542 82.53812
9872.264 82.14161
10009.88 81.89469
10149.41 81.64858
10290.89 81.66968
10434.34 81.92921
10579.79 81.77158
10727.26 81.48031
10876.79 81.44387
11028.41 81.08846
11182.14 81.36
11338.01 81.48245
11496.06 81.13759
11656.31 81.02055
11818.79 80.78103
11983.54 80.04618
12150.58 79.82956
12319.96 79.5044
12491.69 79.68267
12665.82 80.05773
12842.37 80.64501
13021.39 81.55882
13202.9 81.89974
13386.94 82.17115
13573.55 82.05869
13762.75 82.23124
13954.6 82.20347
14149.12 82.03385
14346.35 82.13172
14546.33 82.20527
14749.1 82.25195
14954.69 82.21484
15163.15 82.30544
15374.52 82.35726
15588.83 82.79036
15806.13 83.23303
16026.46 83.5329
16249.86 83.64045
16476.37 83.69873
16706.05 83.95903
16938.92 83.97013
17175.04 83.91003
17414.45 83.46356
17657.2 83.31791
17903.33 83.25586
18152.89 83.24318
18405.93 83.03887
18662.5 82.69213
18922.65 82.76102
19186.42 82.7649
19453.87 82.47517
19725.04 82.14355
20000.0 81.84467
