23.6 59.1993
24.3 59.2872
25.0 59.3727
25.8 59.4674
26.5 59.5479
27.2 59.6264
28.0 59.7135
29.0 59.8191
30.0 59.9405
30.7 60.0288
31.5 60.1273
32.5 60.2469
33.5 60.3629
34.5 60.4755
35.5 60.5918
36.5 60.7177
37.5 60.8402
38.7 60.983
40.0 61.1328
41.2 61.2695
42.5 61.4286
43.7 61.5711
45.0 61.7212
46.2 61.856
47.5 62.0044
48.7 62.1441
50.0 62.2916
51.5 62.457
53.0 62.6197
54.5 62.7866
56.0 62.949
58.0 63.1589
60.0 63.3689
61.5 63.5241
63.0 63.6756
65.0 63.8741
67.0 64.0718
69.0 64.2637
71.0 64.4519
73.0 64.6382
75.0 64.8195
77.5 65.0418
80.0 65.2592
82.5 65.4704
85.0 65.6777
87.5 65.879
90.0 66.0762
92.5 66.2683
95.0 66.4557
97.5 66.6388
100.0 66.8173
103.0 67.026
106.0 67.2286
109.0 67.4254
112.0 67.6166
115.0 67.8022
118.0 67.9827
122.0 68.2151
125.0 68.3835
128.0 68.5474
132.0 68.7581
136.0 68.9612
140.0 69.1565
145.0 69.3898
150.0 69.612
155.0 69.8236
160.0 70.0251
165.0 70.2169
170.0 70.3995
175.0 70.5726
180.0 70.7371
185.0 70.8935
190.0 71.0423
195.0 71.1836
200.0 71.3178
206.0 71.4697
212.0 71.6122
218.0 71.7459
224.0 71.8714
230.0 71.989
236.0 72.0994
243.0 72.2194
250.0 72.3308
258.0 72.4487
265.0 72.5433
272.0 72.6314
280.0 72.7246
290.0 72.8304
300.0 72.9261
307.0 72.9873
315.0 73.0522
325.0 73.1261
335.0 73.1929
345.0 73.2529
355.0 73.3065
365.0 73.3544
375.0 73.3967
387.0 73.44
400.0 73.4784
412.0 73.5063
425.0 73.5286
437.0 73.5421
450.0 73.5494
462.0 73.5499
475.0 73.5441
487.0 73.5333
500.0 73.5166
515.0 73.4919
530.0 73.4622
545.0 73.4289
560.0 73.3928
580.0 73.3425
600.0 73.2911
615.0 73.2529
630.0 73.2156
650.0 73.1684
670.0 73.125
690.0 73.0865
710.0 73.0538
730.0 73.0277
750.0 73.0084
775.0 72.9939
800.0 72.9884
825.0 72.9892
850.0 72.9924
875.0 72.9944
900.0 72.9922
925.0 72.9846
950.0 72.9728
975.0 72.9599
1000.0 72.9503
1030.0 72.9493
1060.0 72.964
1090.0 72.9938
1120.0 73.032
1150.0 73.0677
1180.0 73.0894
1220.0 73.0817
1250.0 73.0439
1280.0 72.9805
1320.0 72.8647
1360.0 72.7254
1400.0 72.572
1450.0 72.368
1500.0 72.1583
1550.0 71.9581
1600.0 71.7877
1650.0 71.6631
1700.0 71.5884
1750.0 71.5605
1800.0 71.5757
1850.0 71.6313
1900.0 71.7206
1950.0 71.8309
2000.0 71.9499
2060.0 72.0965
2120.0 72.2437
2180.0 72.3777
2240.0 72.4735
2300.0 72.5159
2360.0 72.5127
2430.0 72.4795
2500.0 72.4388
2580.0 72.4052
2650.0 72.4244
2720.0 72.5179
2800.0 72.6829
2900.0 72.8815
3000.0 73.0397
3070.0 73.1112
3150.0 73.1653
3250.0 73.2979
3350.0 73.516
3450.0 73.7602
3550.0 74.0512
3650.0 74.2826
3750.0 74.4141
3870.0 74.5548
4000.0 74.6303
4120.0 74.6179
4250.0 74.4269
4370.0 74.0193
4500.0 73.5095
4620.0 73.1508
4750.0 72.9516
4870.0 72.8562
5000.0 72.8087
5150.0 72.8205
5300.0 73.0291
5450.0 73.4725
5600.0 74.098
5800.0 74.4555
6000.0 73.9475
6150.0 73.2299
6300.0 72.5704
6500.0 71.8583
6700.0 71.7832
6900.0 72.1823
7100.0 72.6137
7300.0 72.8343
7500.0 72.7871
7750.0 72.5476
8000.0 71.8247
8250.0 70.8491
8500.0 70.4983
8750.0 70.2418
9000.0 70.161
9250.0 70.5234
9500.0 70.6267
9750.0 69.8056
10000.0 69.142
10300.0 69.0318
10600.0 68.8082
10900.0 68.5617
11200.0 68.3361
11500.0 67.8216
11800.0 67.3959
12200.0 68.0051
12500.0 67.8947
12800.0 67.3933
13200.0 67.3316
13600.0 66.5686
14000.0 66.441
14500.0 65.8559
15000.0 65.8465
15500.0 65.2036
16000.0 65.056
16500.0 64.3163
17000.0 63.7777
17500.0 62.4209
18000.0 60.6977
18500.0 59.0844
19000.0 56.937
19500.0 54.946
