23.6 71.5622
24.3 71.598
25.0 71.6328
25.8 71.6714
26.5 71.7041
27.2 71.7361
28.0 71.7716
29.0 71.8145
30.0 71.8669
30.7 71.9057
31.5 71.949
32.5 72.0016
33.5 72.0526
34.5 72.1021
35.5 72.1547
36.5 72.2143
37.5 72.2723
38.7 72.3399
40.0 72.4108
41.2 72.4762
42.5 72.5568
43.7 72.6291
45.0 72.7052
46.2 72.7735
47.5 72.8512
48.7 72.9268
50.0 73.0065
51.5 73.0959
53.0 73.1849
54.5 73.2809
56.0 73.3743
58.0 73.495
60.0 73.6211
61.5 73.716
63.0 73.8085
65.0 73.932
67.0 74.0606
69.0 74.1855
71.0 74.3108
73.0 74.4403
75.0 74.5663
77.5 74.7268
80.0 74.889
82.5 75.0489
85.0 75.2159
87.5 75.378
90.0 75.5483
92.5 75.7163
95.0 75.8876
97.5 76.0623
100.0 76.2351
103.0 76.4532
106.0 76.6686
109.0 76.8942
112.0 77.1181
115.0 77.3516
118.0 77.5845
122.0 77.9049
125.0 78.1509
128.0 78.3976
132.0 78.7363
136.0 79.0773
140.0 79.4236
145.0 79.865
150.0 80.3102
155.0 80.7577
160.0 81.206
165.0 81.6535
170.0 82.0988
175.0 82.5418
180.0 82.9795
185.0 83.4106
190.0 83.8342
195.0 84.2496
200.0 84.6562
206.0 85.1316
212.0 85.5924
218.0 86.0379
224.0 86.4677
230.0 86.8816
236.0 87.2793
243.0 87.7228
250.0 88.1445
258.0 88.6004
265.0 88.9752
272.0 89.3293
280.0 89.7094
290.0 90.1471
300.0 90.5464
307.0 90.8028
315.0 91.0749
325.0 91.3832
335.0 91.6594
345.0 91.9042
355.0 92.1194
365.0 92.3081
375.0 92.4721
387.0 92.6374
400.0 92.782
412.0 92.8875
425.0 92.9746
437.0 93.0328
450.0 93.0744
462.0 93.0948
475.0 93.0996
487.0 93.0888
500.0 93.0616
515.0 93.0116
530.0 92.9409
545.0 92.8508
560.0 92.7401
580.0 92.5635
600.0 92.3552
615.0 92.1824
630.0 91.9982
650.0 91.7427
670.0 91.4839
690.0 91.2298
710.0 90.9844
730.0 90.7476
750.0 90.5153
775.0 90.2235
800.0 89.9277
825.0 89.6423
850.0 89.4069
875.0 89.2718
900.0 89.2796
925.0 89.4331
950.0 89.6868
975.0 89.9622
1000.0 90.1792
1030.0 90.2744
1060.0 90.1257
1090.0 89.7044
1120.0 89.0222
1150.0 88.1422
1180.0 87.1915
1220.0 86.1257
1250.0 85.6516
1280.0 85.4267
1320.0 85.261
1360.0 85.0036
1400.0 84.5984
1450.0 83.9718
1500.0 83.196
1550.0 82.1734
1600.0 81.365
1650.0 81.7594
1700.0 82.9111
1750.0 83.6181
1800.0 83.6746
1850.0 83.9365
1900.0 85.1743
1950.0 86.6491
2000.0 87.561
2060.0 88.0144
2120.0 88.6038
2180.0 89.3857
2240.0 89.5189
2300.0 88.8287
2360.0 88.2565
2430.0 88.2851
2500.0 87.4683
2580.0 87.1786
2650.0 89.5638
2720.0 90.9105
2800.0 90.9398
2900.0 91.5035
3000.0 90.5461
3070.0 89.5574
3150.0 91.1679
3250.0 91.3995
3350.0 90.8041
3450.0 92.7475
3550.0 91.3477
3650.0 92.5397
3750.0 93.3232
3870.0 94.3136
4000.0 95.6236
4120.0 94.8757
4250.0 93.429
4370.0 92.9714
4500.0 92.9035
4620.0 93.0427
4750.0 92.6002
4870.0 92.5197
5000.0 91.2985
5150.0 90.7596
5300.0 89.9799
5450.0 90.3448
5600.0 89.1457
5800.0 88.7726
6000.0 89.5619
6150.0 90.1856
6300.0 88.4423
6500.0 88.4661
6700.0 88.2037
6900.0 90.853
7100.0 89.555
7300.0 88.7393
7500.0 87.4987
7750.0 86.9511
8000.0 83.8167
8250.0 82.7086
8500.0 83.0608
8750.0 82.6904
9000.0 83.7946
9250.0 83.0396
9500.0 80.0265
9750.0 79.9547
10000.0 81.2091
10300.0 80.8424
10600.0 81.1231
10900.0 83.2267
11200.0 84.7313
11500.0 83.7663
11800.0 84.5444
12200.0 84.2232
12500.0 84.5544
12800.0 84.6153
13200.0 85.6605
13600.0 85.9995
14000.0 86.4842
14500.0 85.096
15000.0 85.2678
15500.0 83.1248
16000.0 79.8753
16500.0 77.2576
17000.0 76.1481
17500.0 77.0585
18000.0 76.662
18500.0 74.4514
19000.0 71.4251
19500.0 69.7462
