23.6 56.8058
24.3 56.8311
25.0 56.8556
25.8 56.8829
26.5 56.906
27.2 56.9285
28.0 56.9536
29.0 56.9857
30.0 57.0224
30.7 57.0498
31.5 57.0812
32.5 57.1193
33.5 57.1562
34.5 57.193
35.5 57.2324
36.5 57.2749
37.5 57.318
38.7 57.3683
40.0 57.4214
41.2 57.4721
42.5 57.5311
43.7 57.586
45.0 57.6438
46.2 57.697
47.5 57.7568
48.7 57.8138
50.0 57.8754
51.5 57.9451
53.0 58.0156
54.5 58.0886
56.0 58.1615
58.0 58.2574
60.0 58.3552
61.5 58.4287
63.0 58.5017
65.0 58.599
67.0 58.6972
69.0 58.7946
71.0 58.8916
73.0 58.9888
75.0 59.0852
77.5 59.2049
80.0 59.3235
82.5 59.4407
85.0 59.5568
87.5 59.6714
90.0 59.7845
92.5 59.896
95.0 60.0057
97.5 60.1136
100.0 60.2196
103.0 60.3443
106.0 60.4661
109.0 60.585
112.0 60.7009
115.0 60.8137
118.0 60.9235
122.0 61.0651
125.0 61.1677
128.0 61.267
132.0 61.3947
136.0 61.5169
140.0 61.6336
145.0 61.7716
150.0 61.9012
155.0 62.0227
160.0 62.1362
165.0 62.2419
170.0 62.34
175.0 62.4302
180.0 62.5131
185.0 62.589
190.0 62.6585
195.0 62.7215
200.0 62.7783
206.0 62.8385
212.0 62.8906
218.0 62.9352
224.0 62.9727
230.0 63.0036
236.0 63.0282
243.0 63.0499
250.0 63.0647
258.0 63.0743
265.0 63.0766
272.0 63.0741
280.0 63.0661
290.0 63.05
300.0 63.0288
307.0 63.0115
315.0 62.9897
325.0 62.9607
335.0 62.9306
345.0 62.9
355.0 62.8694
365.0 62.8392
375.0 62.8093
387.0 62.7738
400.0 62.7352
412.0 62.6984
425.0 62.6563
437.0 62.6139
450.0 62.5629
462.0 62.5097
475.0 62.4437
487.0 62.3737
500.0 62.2862
515.0 62.1686
530.0 62.0314
545.0 61.8722
560.0 61.6884
580.0 61.4065
600.0 61.0859
615.0 60.8214
630.0 60.5379
650.0 60.1417
670.0 59.7377
690.0 59.3414
710.0 58.9712
730.0 58.6464
750.0 58.3885
775.0 58.1791
800.0 58.1053
825.0 58.16
850.0 58.3103
875.0 58.5061
900.0 58.6929
925.0 58.8204
950.0 58.8453
975.0 58.7337
1000.0 58.4572
1030.0 57.8981
1060.0 57.1078
1090.0 56.1535
1120.0 55.1897
1150.0 54.4329
1180.0 54.0625
1220.0 54.1
1250.0 54.2715
1280.0 54.3346
1320.0 54.015
1360.0 53.1381
1400.0 51.7158
1450.0 49.5028
1500.0 47.557
1550.0 46.4301
1600.0 45.6272
1650.0 44.3181
1700.0 42.2911
1750.0 40.1596
1800.0 38.6922
1850.0 37.7565
1900.0 36.9011
1950.0 36.6036
2000.0 37.3045
2060.0 38.6012
2120.0 39.6025
2180.0 41.0568
2240.0 43.0927
2300.0 44.7958
2360.0 45.7726
2430.0 46.611
2500.0 47.6169
2580.0 48.6516
2650.0 49.0522
2720.0 48.9122
2800.0 48.7786
2900.0 49.2973
3000.0 48.8504
3070.0 47.9547
3150.0 47.4029
3250.0 47.5413
3350.0 47.7572
3450.0 48.4733
3550.0 48.5779
3650.0 47.7995
3750.0 46.9868
3870.0 45.6555
4000.0 42.3634
4120.0 39.6284
4250.0 40.8804
4370.0 42.1142
4500.0 41.7607
4620.0 42.961
4750.0 43.5652
4870.0 41.5664
5000.0 39.1435
5150.0 37.9091
5300.0 36.3834
5450.0 32.7164
5600.0 30.0192
5800.0 33.4262
6000.0 38.7072
6150.0 39.259
6300.0 37.6687
6500.0 37.4171
6700.0 39.1675
6900.0 38.1051
7100.0 34.2562
7300.0 33.0799
7500.0 35.844
7750.0 35.6299
8000.0 29.1677
8250.0 22.8405
8500.0 23.7336
8750.0 27.9979
9000.0 27.9914
9250.0 25.7324
9500.0 26.5124
9750.0 27.3244
10000.0 25.4964
10300.0 25.2203
10600.0 28.6628
10900.0 30.8052
11200.0 30.5071
11500.0 30.5759
11800.0 30.664
12200.0 27.7557
12500.0 24.4567
12800.0 20.9138
13200.0 17.1381
13600.0 18.1952
14000.0 22.4878
14500.0 25.2688
15000.0 24.3964
15500.0 23.2429
16000.0 24.0583
16500.0 25.6456
17000.0 22.5247
17500.0 19.3521
18000.0 21.2027
18500.0 21.5654
19000.0 18.7258
19500.0 16.2477
