23.6 56.7454
24.3 56.7774
25.0 56.8086
25.8 56.8431
26.5 56.8725
27.2 56.9011
28.0 56.9329
29.0 56.9736
30.0 57.02
30.7 57.0545
31.5 57.0941
32.5 57.1421
33.5 57.1888
34.5 57.2351
35.5 57.2846
36.5 57.338
37.5 57.392
38.7 57.4549
40.0 57.5215
41.2 57.5849
42.5 57.6585
43.7 57.7269
45.0 57.799
46.2 57.8652
47.5 57.9394
48.7 58.0101
50.0 58.0865
51.5 58.1727
53.0 58.26
54.5 58.3499
56.0 58.4399
58.0 58.558
60.0 58.6782
61.5 58.7685
63.0 58.858
65.0 58.9772
67.0 59.0973
69.0 59.2164
71.0 59.3348
73.0 59.4532
75.0 59.5708
77.5 59.7163
80.0 59.8605
82.5 60.0028
85.0 60.1437
87.5 60.2826
90.0 60.4197
92.5 60.5546
95.0 60.6872
97.5 60.8176
100.0 60.9456
103.0 61.0961
106.0 61.2431
109.0 61.3864
112.0 61.5259
115.0 61.6618
118.0 61.7938
122.0 61.9639
125.0 62.0869
128.0 62.206
132.0 62.3588
136.0 62.5048
140.0 62.6439
145.0 62.8079
150.0 62.9613
155.0 63.1045
160.0 63.2375
165.0 63.3607
170.0 63.4739
175.0 63.577
180.0 63.6705
185.0 63.7551
190.0 63.831
195.0 63.8985
200.0 63.9577
206.0 64.018
212.0 64.0675
218.0 64.1067
224.0 64.1362
230.0 64.1565
236.0 64.1681
243.0 64.1717
250.0 64.1655
258.0 64.1477
265.0 64.1232
272.0 64.0911
280.0 64.0465
290.0 63.9804
300.0 63.9051
307.0 63.8473
315.0 63.7762
325.0 63.6817
335.0 63.5818
345.0 63.4768
355.0 63.3672
365.0 63.2535
375.0 63.1357
387.0 62.9888
400.0 62.8234
412.0 62.6648
425.0 62.4864
437.0 62.3158
450.0 62.1249
462.0 61.9437
475.0 61.7428
487.0 61.5546
500.0 61.3495
515.0 61.1146
530.0 60.8855
545.0 60.6666
560.0 60.4628
580.0 60.2197
600.0 60.0133
615.0 59.8842
630.0 59.7772
650.0 59.661
670.0 59.5655
690.0 59.48
710.0 59.3945
730.0 59.3016
750.0 59.1971
775.0 59.0517
800.0 58.8978
825.0 58.7488
850.0 58.6209
875.0 58.5282
900.0 58.4792
925.0 58.4736
950.0 58.5027
975.0 58.5504
1000.0 58.597
1030.0 58.6268
1060.0 58.6071
1090.0 58.5303
1120.0 58.408
1150.0 58.2674
1180.0 58.1406
1220.0 58.014
1250.0 57.9315
1280.0 57.8108
1320.0 57.5042
1360.0 56.9571
1400.0 56.184
1450.0 55.1424
1500.0 54.4217
1550.0 54.2097
1600.0 54.3278
1650.0 54.5067
1700.0 54.5997
1750.0 54.5491
1800.0 54.3473
1850.0 54.0779
1900.0 53.8908
1950.0 53.8523
2000.0 53.8579
2060.0 53.7117
2120.0 53.3026
2180.0 52.6726
2240.0 51.8739
2300.0 50.9644
2360.0 49.9826
2430.0 48.5505
2500.0 46.4611
2580.0 43.9452
2650.0 42.6952
2720.0 41.8081
2800.0 40.4638
2900.0 39.3055
3000.0 40.0666
3070.0 41.9143
3150.0 44.482
3250.0 46.9382
3350.0 48.6027
3450.0 49.7498
3550.0 50.076
3650.0 49.9056
3750.0 50.1346
3870.0 51.0508
4000.0 52.0776
4120.0 52.6239
4250.0 52.1227
4370.0 50.5249
4500.0 47.6336
4620.0 45.0845
4750.0 44.0195
4870.0 44.8577
5000.0 46.227
5150.0 46.4359
5300.0 44.6781
5450.0 42.1029
5600.0 41.214
5800.0 44.1846
6000.0 46.7164
6150.0 46.2617
6300.0 44.8968
6500.0 44.2229
6700.0 44.9221
6900.0 45.3174
7100.0 44.4699
7300.0 43.5021
7500.0 42.1996
7750.0 38.6471
8000.0 36.3416
8250.0 36.2439
8500.0 33.7543
8750.0 29.882
9000.0 30.0919
9250.0 32.9573
9500.0 27.9666
9750.0 22.5754
10000.0 26.084
10300.0 32.7104
10600.0 32.2366
10900.0 30.3319
11200.0 28.1403
11500.0 26.984
11800.0 27.247
12200.0 26.9896
12500.0 27.4332
12800.0 25.9094
13200.0 22.7981
13600.0 23.2358
14000.0 23.5931
14500.0 23.3665
15000.0 25.6857
15500.0 22.5707
16000.0 18.9832
16500.0 22.4689
17000.0 25.0221
17500.0 24.0846
18000.0 20.4916
18500.0 18.5633
19000.0 21.9233
19500.0 28.9028
