23.6 56.4008
24.3 56.4538
25.0 56.5053
25.8 56.5624
26.5 56.6109
27.2 56.6581
28.0 56.7106
29.0 56.7777
30.0 56.8535
30.7 56.9098
31.5 56.9742
32.5 57.0524
33.5 57.1282
34.5 57.2036
35.5 57.2835
36.5 57.3692
37.5 57.4557
38.7 57.5566
40.0 57.6632
41.2 57.7643
42.5 57.8808
43.7 57.9889
45.0 58.1027
46.2 58.207
47.5 58.3234
48.7 58.4337
50.0 58.5527
51.5 58.687
53.0 58.8224
54.5 58.9612
56.0 59.0997
58.0 59.2812
60.0 59.4648
61.5 59.6024
63.0 59.7386
65.0 59.9194
67.0 60.1009
69.0 60.2803
71.0 60.4582
73.0 60.6356
75.0 60.8111
77.5 61.0279
80.0 61.242
82.5 61.4528
85.0 61.6608
87.5 61.8654
90.0 62.0667
92.5 62.2645
95.0 62.4585
97.5 62.6488
100.0 62.8354
103.0 63.0543
106.0 63.2676
109.0 63.4753
112.0 63.6773
115.0 63.8736
118.0 64.0643
122.0 64.3096
125.0 64.487
128.0 64.6586
132.0 64.8788
136.0 65.0893
140.0 65.2901
145.0 65.5272
150.0 65.7497
155.0 65.9583
160.0 66.1531
165.0 66.3348
170.0 66.5034
175.0 66.659
180.0 66.8023
185.0 66.9344
190.0 67.0557
195.0 67.1668
200.0 67.2679
206.0 67.3768
212.0 67.4735
218.0 67.559
224.0 67.6344
230.0 67.7007
236.0 67.7589
243.0 67.8183
250.0 67.8702
258.0 67.9225
265.0 67.9638
272.0 68.0023
280.0 68.0449
290.0 68.0986
300.0 68.1548
307.0 68.1968
315.0 68.2484
325.0 68.318
335.0 68.3926
345.0 68.4716
355.0 68.5531
365.0 68.6351
375.0 68.7154
387.0 68.8062
400.0 68.8941
412.0 68.9624
425.0 69.02
437.0 69.0567
450.0 69.0786
462.0 69.083
475.0 69.0724
487.0 69.0511
500.0 69.0186
515.0 68.9748
530.0 68.9301
545.0 68.89
560.0 68.8594
580.0 68.8368
600.0 68.8351
615.0 68.8459
630.0 68.8642
650.0 68.893
670.0 68.9193
690.0 68.9371
710.0 68.9432
730.0 68.9382
750.0 68.9259
775.0 68.9087
800.0 68.9002
825.0 68.9076
850.0 68.9319
875.0 68.9669
900.0 69.0029
925.0 69.0302
950.0 69.0425
975.0 69.0389
1000.0 69.0231
1030.0 68.9981
1060.0 68.9763
1090.0 68.9608
1120.0 68.9452
1150.0 68.9177
1180.0 68.8667
1220.0 68.7624
1250.0 68.6685
1280.0 68.5767
1320.0 68.4799
1360.0 68.4185
1400.0 68.3765
1450.0 68.3199
1500.0 68.2516
1550.0 68.1997
1600.0 68.1858
1650.0 68.1957
1700.0 68.2011
1750.0 68.2006
1800.0 68.2211
1850.0 68.2823
1900.0 68.3721
1950.0 68.4644
2000.0 68.5512
2060.0 68.664
2120.0 68.7949
2180.0 68.9227
2240.0 69.0363
2300.0 69.1569
2360.0 69.2992
2430.0 69.4622
2500.0 69.587
2580.0 69.7106
2650.0 69.8313
2720.0 69.9459
2800.0 70.0624
2900.0 70.2227
3000.0 70.3883
3070.0 70.5004
3150.0 70.624
3250.0 70.7457
3350.0 70.8094
3450.0 70.8329
3550.0 70.8216
3650.0 70.8295
3750.0 70.8989
3870.0 71.0168
4000.0 71.0624
4120.0 70.9239
4250.0 70.6388
4370.0 70.3543
4500.0 70.0428
4620.0 69.716
4750.0 69.2328
4870.0 68.5958
5000.0 67.7347
5150.0 66.8066
5300.0 66.4034
5450.0 66.7244
5600.0 67.3782
5800.0 67.982
6000.0 68.1577
6150.0 68.3058
6300.0 68.5391
6500.0 68.7979
6700.0 68.8676
6900.0 68.8811
7100.0 68.9612
7300.0 69.0527
7500.0 68.9935
7750.0 68.5945
8000.0 68.1332
8250.0 68.0626
8500.0 68.2267
8750.0 68.3155
9000.0 68.3629
9250.0 68.2953
9500.0 67.9766
9750.0 67.69
10000.0 67.6122
10300.0 67.5067
10600.0 67.3008
10900.0 67.2422
11200.0 67.2257
11500.0 67.1196
11800.0 66.9906
12200.0 66.7278
12500.0 66.5454
12800.0 66.5108
13200.0 66.545
13600.0 66.3116
14000.0 66.0034
14500.0 65.8258
15000.0 65.6932
15500.0 65.1202
16000.0 64.1933
16500.0 63.3772
17000.0 63.7727
17500.0 65.1452
18000.0 65.7893
18500.0 65.7342
19000.0 65.603
19500.0 65.2792
