23.6 82.1242
24.3 82.3533
25.0 82.5758
25.8 82.8227
26.5 83.0324
27.2 83.2367
28.0 83.4639
29.0 83.7389
30.0 84.0099
30.7 84.1958
31.5 84.4032
32.5 84.6552
33.5 84.8995
34.5 85.1367
35.5 85.3682
36.5 85.5955
37.5 85.8166
38.7 86.0743
40.0 86.3447
41.2 86.5868
42.5 86.8428
43.7 87.0723
45.0 87.3139
46.2 87.5308
47.5 87.7598
48.7 87.9659
50.0 88.1836
51.5 88.4279
53.0 88.6651
54.5 88.8956
56.0 89.1199
58.0 89.4097
60.0 89.6892
61.5 89.8926
63.0 90.091
65.0 90.3481
67.0 90.5964
69.0 90.8375
71.0 91.0711
73.0 91.2972
75.0 91.5173
77.5 91.783
80.0 92.0393
82.5 92.2872
85.0 92.5257
87.5 92.7574
90.0 92.9802
92.5 93.1966
95.0 93.4057
97.5 93.6081
100.0 93.8048
103.0 94.0315
106.0 94.251
109.0 94.4613
112.0 94.665
115.0 94.8603
118.0 95.0495
122.0 95.2904
125.0 95.4632
128.0 95.6304
132.0 95.8428
136.0 96.0458
140.0 96.2387
145.0 96.4654
150.0 96.6779
155.0 96.8767
160.0 97.0624
165.0 97.2354
170.0 97.3962
175.0 97.5438
180.0 97.6796
185.0 97.8043
190.0 97.9181
195.0 98.0214
200.0 98.1143
206.0 98.2116
212.0 98.2946
218.0 98.3636
224.0 98.4191
230.0 98.4615
236.0 98.4913
243.0 98.5103
250.0 98.5138
258.0 98.5001
265.0 98.4711
272.0 98.4291
280.0 98.3666
290.0 98.2669
300.0 98.1479
307.0 98.054
315.0 97.9388
325.0 97.7848
335.0 97.6242
345.0 97.4606
355.0 97.298
365.0 97.1403
375.0 96.9902
387.0 96.8241
400.0 96.664
412.0 96.5344
425.0 96.4117
437.0 96.311
450.0 96.2095
462.0 96.1173
475.0 96.0124
487.0 95.9058
500.0 95.7752
515.0 95.6024
530.0 95.4041
545.0 95.1851
560.0 94.9514
580.0 94.6386
600.0 94.3553
615.0 94.1816
630.0 94.0555
650.0 93.9653
670.0 93.9601
690.0 94.0131
710.0 94.0914
730.0 94.162
750.0 94.2003
775.0 94.179
800.0 94.0755
825.0 93.8995
850.0 93.6699
875.0 93.4078
900.0 93.1257
925.0 92.8254
950.0 92.4992
975.0 92.1377
1000.0 91.74
1030.0 91.2373
1060.0 90.7651
1090.0 90.3991
1120.0 90.1832
1150.0 90.0903
1180.0 90.039
1220.0 89.8876
1250.0 89.6493
1280.0 89.3066
1320.0 88.7633
1360.0 88.2369
1400.0 87.7863
1450.0 87.2908
1500.0 86.8805
1550.0 86.7254
1600.0 86.8652
1650.0 87.0721
1700.0 87.163
1750.0 87.1757
1800.0 87.2175
1850.0 87.2718
1900.0 87.2274
1950.0 87.014
2000.0 86.6254
2060.0 85.958
2120.0 85.1598
2180.0 84.4376
2240.0 84.0486
2300.0 84.1512
2360.0 84.7209
2430.0 85.7384
2500.0 86.8872
2580.0 88.031
2650.0 88.5697
2720.0 88.7212
2800.0 88.9121
2900.0 89.1948
3000.0 88.9892
3070.0 88.8909
3150.0 89.0309
3250.0 89.0101
3350.0 88.4067
3450.0 87.4586
3550.0 86.4225
3650.0 85.7006
3750.0 85.2747
3870.0 84.5982
4000.0 84.2361
4120.0 83.8254
4250.0 83.1033
4370.0 81.501
4500.0 81.7124
4620.0 81.0579
4750.0 80.1059
4870.0 79.6773
5000.0 78.78
5150.0 78.6109
5300.0 79.3377
5450.0 78.7215
5600.0 78.7746
5800.0 79.0251
6000.0 77.7819
6150.0 76.514
6300.0 76.7439
6500.0 75.5882
6700.0 75.5432
6900.0 75.7007
7100.0 74.2232
7300.0 73.4175
7500.0 72.6593
7750.0 72.3675
8000.0 74.0862
8250.0 72.1192
8500.0 71.7531
8750.0 73.8975
9000.0 73.3383
9250.0 72.8261
9500.0 71.6248
9750.0 71.0814
10000.0 72.4314
10300.0 70.7369
10600.0 71.03
10900.0 68.6992
11200.0 68.6448
11500.0 66.9337
11800.0 65.3154
12200.0 64.1377
12500.0 65.4029
12800.0 61.9874
13200.0 67.2747
13600.0 62.9528
14000.0 62.5529
14500.0 62.208
15000.0 60.9173
15500.0 57.7839
16000.0 50.3635
16500.0 45.9703
17000.0 36.8691
17500.0 44.1919
18000.0 45.5283
18500.0 43.0145
19000.0 51.3292
19500.0 48.2162
