23.6 78.4743
24.3 78.7288
25.0 78.9761
25.8 79.2504
26.5 79.4835
27.2 79.7106
28.0 79.963
29.0 80.2685
30.0 80.5643
30.7 80.7656
31.5 80.9902
32.5 81.2631
33.5 81.5276
34.5 81.7844
35.5 82.0341
36.5 82.2771
37.5 82.5136
38.7 82.7893
40.0 83.0783
41.2 83.3371
42.5 83.6094
43.7 83.8535
45.0 84.1105
46.2 84.3412
47.5 84.5847
48.7 84.8037
50.0 85.035
51.5 85.2946
53.0 85.5467
54.5 85.792
56.0 86.0306
58.0 86.3389
60.0 86.6369
61.5 86.8539
63.0 87.0657
65.0 87.3403
67.0 87.6064
69.0 87.8647
71.0 88.1155
73.0 88.3589
75.0 88.5958
77.5 88.8827
80.0 89.16
82.5 89.4285
85.0 89.688
87.5 89.94
90.0 90.1835
92.5 90.4201
95.0 90.6494
97.5 90.8719
100.0 91.0883
103.0 91.3388
106.0 91.5816
109.0 91.8151
112.0 92.0415
115.0 92.2595
118.0 92.4708
122.0 92.7409
125.0 92.9352
128.0 93.1235
132.0 93.3636
136.0 93.5935
140.0 93.8128
145.0 94.0717
150.0 94.3153
155.0 94.5444
160.0 94.7594
165.0 94.961
170.0 95.1496
175.0 95.3243
180.0 95.4868
185.0 95.6377
190.0 95.7775
195.0 95.9064
200.0 96.0251
206.0 96.1534
212.0 96.2678
218.0 96.3689
224.0 96.4574
230.0 96.534
236.0 96.5993
243.0 96.6619
250.0 96.7113
258.0 96.7532
265.0 96.7765
272.0 96.7896
280.0 96.7937
290.0 96.783
300.0 96.7582
307.0 96.7332
315.0 96.6988
325.0 96.648
335.0 96.5913
345.0 96.5301
355.0 96.4666
365.0 96.4025
375.0 96.3392
387.0 96.266
400.0 96.1918
412.0 96.1286
425.0 96.0663
437.0 96.0139
450.0 95.9618
462.0 95.9168
475.0 95.87
487.0 95.8274
500.0 95.781
515.0 95.7261
530.0 95.6695
545.0 95.6118
560.0 95.554
580.0 95.4788
600.0 95.4082
615.0 95.3586
630.0 95.3109
650.0 95.2466
670.0 95.1733
690.0 95.0807
710.0 94.9565
730.0 94.7889
750.0 94.5694
775.0 94.2097
800.0 93.755
825.0 93.2166
850.0 92.6215
875.0 92.0121
900.0 91.4363
925.0 90.933
950.0 90.5173
975.0 90.1742
1000.0 89.869
1030.0 89.5044
1060.0 89.1132
1090.0 88.7114
1120.0 88.3541
1150.0 88.0996
1180.0 87.9666
1220.0 87.9075
1250.0 87.8572
1280.0 87.731
1320.0 87.4012
1360.0 86.9279
1400.0 86.4375
1450.0 85.9943
1500.0 85.7872
1550.0 85.7122
1600.0 85.7534
1650.0 86.0347
1700.0 86.5642
1750.0 87.1437
1800.0 87.6401
1850.0 88.1882
1900.0 88.9933
1950.0 89.9647
2000.0 90.786
2060.0 91.3277
2120.0 91.5556
2180.0 91.8186
2240.0 92.0685
2300.0 92.0146
2360.0 91.8108
2430.0 92.048
2500.0 92.4813
2580.0 92.3794
2650.0 92.4164
2720.0 92.7787
2800.0 92.6143
2900.0 92.3271
3000.0 92.162
3070.0 91.6695
3150.0 91.6115
3250.0 91.162
3350.0 91.1523
3450.0 91.4515
3550.0 91.0096
3650.0 90.9563
3750.0 90.3595
3870.0 90.6937
4000.0 90.4161
4120.0 90.4102
4250.0 89.6292
4370.0 89.9175
4500.0 89.8773
4620.0 90.3226
4750.0 90.8264
4870.0 90.7158
5000.0 90.5205
5150.0 90.2649
5300.0 89.9178
5450.0 88.9776
5600.0 88.0486
5800.0 86.6316
6000.0 87.0895
6150.0 87.5305
6300.0 87.4059
6500.0 88.1609
6700.0 88.3265
6900.0 87.9438
7100.0 87.72
7300.0 87.2672
7500.0 86.7865
7750.0 86.8204
8000.0 86.159
8250.0 86.0158
8500.0 85.1519
8750.0 84.4045
9000.0 83.0641
9250.0 82.496
9500.0 82.3413
9750.0 81.4534
10000.0 82.0122
10300.0 81.7325
10600.0 81.3783
10900.0 81.1083
11200.0 82.1927
11500.0 82.5873
11800.0 82.4861
12200.0 82.3879
12500.0 81.4676
12800.0 81.5662
13200.0 81.8131
13600.0 80.922
14000.0 80.3684
14500.0 78.2367
15000.0 78.507
15500.0 77.1653
16000.0 73.4591
16500.0 68.1881
17000.0 62.9482
17500.0 65.7617
18000.0 70.5812
18500.0 73.4547
19000.0 74.1185
19500.0 73.1655
