20.0 65.20452
20.27879 65.55955
20.56146 65.93068
20.84808 66.31705
21.13869 66.71819
21.43335 67.1339
21.73212 67.56394
22.03506 68.00795
22.34221 68.46531
22.65365 68.93528
22.96943 69.41686
23.28961 69.90884
23.61426 70.40995
23.94343 70.91885
24.27719 71.43414
24.6156 71.95424
24.95872 72.4774
25.30664 73.00194
25.6594 73.52637
26.01707 74.04964
26.37974 74.57162
26.74746 75.09284
27.1203 75.61434
27.49834 76.13711
27.88166 76.65251
28.27031 77.15108
28.66438 77.63281
29.06395 78.09747
29.46909 78.54448
29.87987 78.97303
30.29638 79.38193
30.71869 79.76989
31.1469 80.1357
31.58107 80.47866
32.02129 80.7985
32.46765 81.09549
32.92023 81.37056
33.37912 81.62508
33.84441 81.86053
34.31618 82.07824
34.79453 82.27935
35.27955 82.46496
35.77132 82.63583
36.26996 82.7922
36.77554 82.93432
37.28817 83.06317
37.80795 83.18018
38.33497 83.28722
38.86934 83.38635
39.41116 83.47911
39.96053 83.56694
40.51755 83.65098
41.08235 83.73207
41.65501 83.81096
42.23566 83.88805
42.8244 83.96369
43.42135 84.03862
44.02662 84.11405
44.64033 84.19053
45.26259 84.26785
45.89353 84.346
46.53326 84.42519
47.18191 84.50685
47.8396 84.59278
48.50645 84.68375
49.18261 84.77991
49.86819 84.88128
50.56332 84.98797
51.26815 85.09924
51.9828 85.2145
52.70741 85.33502
53.44212 85.46218
54.18708 85.59646
54.94242 85.73598
55.70828 85.87756
56.48483 86.01906
57.27219 86.15874
58.07054 86.29462
58.88001 86.42595
59.70076 86.5526
60.53296 86.67348
61.37676 86.78791
62.23232 86.89655
63.0998 87.00132
63.97938 87.10404
64.87122 87.20625
65.77549 87.30931
66.69236 87.41325
67.62202 87.5174
68.56463 87.62048
69.52038 87.72036
70.48946 87.8148
71.47204 87.9017
72.46833 87.97926
73.4785 88.04642
74.50275 88.1034
75.54127 88.15144
76.59428 88.19257
77.66196 88.22926
78.74453 88.26496
79.84218 88.30233
80.95514 88.34266
82.08361 88.38551
83.22781 88.42864
84.38796 88.46921
85.56428 88.50387
86.757 88.52942
87.96635 88.54499
89.19255 88.55244
90.43585 88.55533
91.69648 88.55795
92.97467 88.56437
94.27069 88.5776
95.58477 88.59886
96.91717 88.62723
98.26815 88.66125
99.63795 88.69936
101.0268 88.74033
102.4351 88.78324
103.863 88.82651
105.3108 88.86701
106.7788 88.89982
108.2672 88.9192
109.7764 88.91981
111.3066 88.89941
112.8582 88.86177
114.4314 88.81681
116.0265 88.7782
117.6438 88.75765
119.2837 88.7596
120.9464 88.77868
122.6324 88.80326
124.3418 88.8235
126.0751 88.83792
127.8325 88.85254
129.6144 88.8737
131.4212 88.90028
133.2531 88.91994
135.1106 88.91707
136.9939 88.88355
138.9036 88.8245
140.8398 88.7559
142.803 88.69555
144.7936 88.65611
146.812 88.64163
148.8584 88.65273
150.9335 88.68644
153.0374 88.734
155.1706 88.7833
157.3336 88.82065
159.5268 88.84071
161.7505 88.84972
164.0052 88.86162
166.2914 88.88685
168.6094 88.92555
170.9597 88.96726
173.3428 89.00027
175.7591 89.01903
178.2091 89.02569
180.6932 89.02515
183.212 89.0195
185.7658 89.00759
188.3553 88.99069
190.9809 88.97548
193.6431 88.96913
196.3423 88.9693
199.0792 88.96378
201.8543 88.93975
204.668 88.89444
207.521 88.83408
210.4137 88.76802
213.3468 88.70458
216.3207 88.6538
219.3361 88.62265
222.3935 88.6055
225.4936 88.58811
228.6369 88.566
231.8239 88.55221
235.0554 88.56008
238.332 88.58718
241.6542 88.62072
245.0227 88.64963
248.4382 88.67098
251.9013 88.68704
255.4127 88.70334
258.973 88.72678
262.5829 88.75442
266.2432 88.77155
269.9545 88.76391
273.7175 88.72934
277.533 88.68156
281.4016 88.63673
285.3242 88.59817
289.3015 88.55847
293.3342 88.51229
297.4231 88.46549
301.569 88.42976
305.7727 88.40694
310.035 88.38466
314.3567 88.35126
318.7387 88.30153
323.1818 88.24189
327.6867 88.19531
332.2545 88.17515
336.886 88.18372
341.582 88.21304
346.3434 88.25091
351.1713 88.29513
356.0664 88.34231
361.0298 88.38326
366.0623 88.40734
371.165 88.41078
376.3389 88.40627
381.5848 88.4037
386.9039 88.412
392.2972 88.44016
397.7656 88.47182
403.3102 88.49068
408.9321 88.51412
414.6324 88.55797
420.4122 88.59827
426.2725 88.61542
432.2145 88.61047
438.2393 88.58421
444.3482 88.54408
450.5421 88.51103
456.8224 88.50114
463.1903 88.51812
469.6469 88.55634
476.1935 88.61203
482.8314 88.68357
489.5618 88.76839
496.3861 88.86358
503.3054 88.95438
510.3212 89.00981
517.4348 89.01848
524.6476 88.99143
531.9609 88.9558
539.3761 88.93383
546.8947 88.94017
554.5182 88.97339
562.2478 89.02231
570.0853 89.04957
578.0319 89.04477
586.0894 89.01468
594.2592 88.97251
602.5428 88.93005
610.9419 88.88778
619.4581 88.84706
628.093 88.80509
636.8483 88.76235
645.7256 88.7144
654.7267 88.64812
663.8532 88.56433
673.107 88.46205
682.4897 88.36649
692.0033 88.31138
701.6494 88.25602
711.43 88.21698
721.347 88.21891
731.4022 88.23758
741.5975 88.24774
751.935 88.24442
762.4166 88.25251
773.0442 88.27168
783.82 88.30128
794.7461 88.30798
805.8244 88.28671
817.0572 88.28094
828.4465 88.28115
839.9946 88.25266
851.7037 88.21949
863.5759 88.21024
875.6137 88.20367
887.8193 88.18397
900.195 88.1561
912.7433 88.14718
925.4664 88.1543
938.3669 88.10228
951.4472 87.90906
964.7099 87.67714
978.1574 87.50421
991.7924 87.41005
1005.617 87.3562
1019.635 87.3495
1033.848 87.4368
1048.26 87.60577
1062.872 87.77413
1077.688 87.82896
1092.71 87.77806
1107.942 87.7386
1123.386 87.85534
1139.045 88.05164
1154.923 88.19545
1171.022 88.26183
1187.345 88.27352
1203.896 88.2803
1220.678 88.31609
1237.694 88.36654
1254.946 88.4284
1272.44 88.52172
1290.177 88.64867
1308.161 88.75716
1326.396 88.76406
1344.885 88.62423
1363.632 88.42697
1382.641 88.44253
1401.914 88.65313
1421.456 88.87499
1441.27 88.98981
1461.361 88.93847
1481.731 88.73535
1502.386 88.4823
1523.328 88.24097
1544.563 88.09501
1566.093 88.11138
1587.924 88.32179
1610.058 88.60184
1632.502 88.74984
1655.258 88.83213
1678.331 88.89491
1701.726 88.90491
1725.447 88.86454
1749.499 88.78315
1773.886 88.67082
1798.613 88.66685
1823.685 88.7427
1849.106 88.56322
1874.882 88.14545
1901.017 87.95109
1927.516 87.99397
1954.384 87.89459
1981.627 87.8064
2009.25 87.69345
2037.258 87.25843
2065.656 86.7968
2094.45 86.81617
2123.646 87.14494
2153.248 87.1169
2183.263 86.79037
2213.697 86.90636
2244.555 87.02488
2275.843 86.73271
2307.567 86.69935
2339.733 86.65975
2372.347 86.46606
2405.417 86.88713
2438.947 87.4499
2472.944 87.25891
2507.416 86.87368
2542.368 86.6398
2577.807 86.77915
2613.74 86.71178
2650.175 86.49016
2687.117 86.85511
2724.574 86.98254
2762.553 87.16752
2801.061 87.87508
2840.106 87.63319
2879.696 87.31057
2919.837 87.43492
2960.538 87.68643
3001.807 87.55405
3043.65 87.16726
3086.077 87.99781
3129.095 88.07403
3172.713 87.89249
3216.939 88.12602
3261.781 88.44525
3307.249 88.72977
3353.35 88.1684
3400.094 88.22454
3447.489 87.70511
3495.546 87.60965
3544.272 87.66464
3593.677 87.78993
3643.771 87.48354
3694.563 87.73992
3746.063 87.98857
3798.281 88.71141
3851.227 88.94681
3904.911 89.34772
3959.344 89.15162
4014.535 88.82438
4070.495 88.83623
4127.236 88.7385
4184.767 88.51649
4243.1 88.864
4302.247 89.00889
4362.218 88.74292
4423.025 88.86523
4484.679 88.56767
4547.193 88.14588
4610.579 88.66107
4674.848 89.0025
4740.013 88.92715
4806.086 89.10631
4873.08 88.78512
4941.008 88.45189
5009.883 88.47381
5079.718 87.87565
5150.527 88.43737
5222.322 88.36563
5295.119 89.1957
5368.93 89.27522
5443.77 89.14164
5519.653 89.03817
5596.594 88.53961
5674.607 88.78294
5753.708 88.86017
5833.912 89.00946
5915.233 87.85469
5997.688 87.1074
6081.293 86.37464
6166.063 87.16366
6252.014 87.80603
6339.164 88.38856
6427.529 88.08282
6517.125 87.85345
6607.97 87.48189
6700.082 87.64142
6793.477 87.7073
6888.175 88.00956
6984.192 87.7048
7081.548 86.52092
7180.261 86.35202
7280.35 86.96026
7381.834 87.41971
7484.733 86.81403
7589.066 85.96387
7694.853 86.5855
7802.115 86.8977
7910.872 87.23221
8021.146 87.45946
8132.956 87.50673
8246.325 88.10923
8361.274 88.52626
8477.826 88.42591
8596.002 88.00677
8715.826 88.00168
8837.32 88.42311
8960.507 88.45061
9085.412 87.86741
9212.058 88.09363
9340.469 88.50785
9470.67 88.49131
9602.686 88.57066
9736.542 88.29327
9872.264 87.47835
10009.88 87.19081
10149.41 86.99159
10290.89 87.07538
10434.34 87.26645
10579.79 87.12549
10727.26 87.56096
10876.79 87.64174
11028.41 87.28729
11182.14 86.90113
11338.01 86.45453
11496.06 86.51514
11656.31 87.04447
11818.79 87.09837
11983.54 87.35158
12150.58 87.65719
12319.96 87.88853
12491.69 87.44134
12665.82 86.6875
12842.37 86.39708
13021.39 86.49589
13202.9 86.56724
13386.94 86.69439
13573.55 87.04588
13762.75 87.30942
13954.6 87.15647
14149.12 86.88192
14346.35 87.11652
14546.33 87.66313
14749.1 88.13733
14954.69 88.10719
15163.15 87.49307
15374.52 87.44817
15588.83 86.97394
15806.13 86.98878
16026.46 87.01847
16249.86 87.12993
16476.37 86.65263
16706.05 86.46162
16938.92 86.83088
17175.04 86.4501
17414.45 86.82046
17657.2 87.24113
17903.33 86.8887
18152.89 86.5929
18405.93 86.15504
18662.5 85.99465
18922.65 85.87817
19186.42 85.75872
19453.87 85.27956
19725.04 85.50602
20000.0 85.94487
